$firearms
                        term      estimate   std.error   statistic        df      p.value        2.5 %       97.5 %
1                (Intercept) -13.287503586 4.159418842 -3.19455772 2282.4103 1.419551e-03 -21.44414015 -5.130867025
2               gunOwnership  39.999733975 3.974318486 10.06455173 2299.0927 2.393778e-23  32.20610994 47.793358012
3                     MHProv   0.234752532 0.080506730  2.91593675 2299.4479 3.580549e-03   0.07687914  0.392625922
4                      rural   0.045039223 0.005383557  8.36607225 2297.9599 1.019451e-16   0.03448209  0.055596361
5                        PCP   0.483650596 0.450882885  1.07267455 2296.7494 2.835299e-01  -0.40052957  1.367830763
6                 unemployed   1.813671081 0.105166446 17.24572006 2299.2167 9.034015e-63   1.60744007  2.019902091
7                  uninsured  -0.142119092 0.061980456 -2.29296623 2297.7736 2.193989e-02  -0.26366258 -0.020575608
8                       grad  -0.001048974 0.037077700 -0.02829123 2299.0079 9.774323e-01  -0.07375821  0.071660262
9                segregation   0.009710944 0.010150589  0.95668770  439.5526 3.392508e-01  -0.01023878  0.029660664
10                povertyYes   0.823828142 0.371794757  2.21581431 2298.6253 2.680185e-02   0.09473990  1.552916380
11 injury.denominator.scaled  -0.017681391 0.007104576 -2.48873294 2299.7709 1.289017e-02  -0.03161344 -0.003749347

$firearms.lo
                        term      estimate   std.error  statistic        df      p.value        2.5 %        97.5 %
1                (Intercept) -19.858361701 4.321437468 -4.5953139 3047.7570 4.496440e-06 -28.33158847 -11.385134928
2               gunOwnership  34.165124231 4.526359561  7.5480358 3105.8627 5.771819e-14  25.29016393  43.040084530
3                     MHProv   0.295318221 0.085670354  3.4471460 3100.2061 5.740835e-04   0.12734183   0.463294610
4                      rural  -0.009035624 0.005505027 -1.6413406 3076.2468 1.008290e-01  -0.01982953   0.001758277
5                        PCP  -0.093888020 0.440409069 -0.2131837 3060.2749 8.311979e-01  -0.95741546   0.769639424
6                 unemployed   1.230486216 0.112055247 10.9810674 3084.4580 1.515231e-27   1.01077575   1.450196679
7                  uninsured  -0.068359013 0.063406624 -1.0781052 3089.3227 2.810710e-01  -0.19268242   0.055964395
8                       grad   0.111210135 0.037606730  2.9571871 3078.4117 3.128209e-03   0.03747331   0.184946963
9                segregation   0.044302448 0.010606486  4.1769205  460.0441 3.536102e-05   0.02345928   0.065145614
10                povertyYes   1.046752163 0.420400268  2.4898941 3080.3265 1.283046e-02   0.22245889   1.871045438
11 injury.denominator.scaled  -0.015248518 0.008878925 -1.7173833 3106.6782 8.600881e-02  -0.03265767   0.002160638

$firearms.mid
                        term     estimate   std.error  statistic       df      p.value         2.5 %      97.5 %
1                (Intercept) -25.15184115 6.688490277 -3.7604661 3041.236 1.727906e-04 -38.266260505 -12.0374218
2               gunOwnership  31.76981660 5.409802152  5.8726393 3107.208 4.742332e-09  21.162667394  42.3769658
3                     MHProv   0.18492256 0.141605930  1.3058956 3106.705 1.916848e-01  -0.092728137   0.4625733
4                      rural   0.11934270 0.009186919 12.9905029 3087.078 1.316798e-37   0.101329605   0.1373558
5                        PCP  -0.52453905 0.737996417 -0.7107610 3097.757 4.772859e-01  -1.971550829   0.9224727
6                 unemployed   0.61036615 0.183676849  3.3230434 3103.209 9.007373e-04   0.250225671   0.9705066
7                  uninsured   0.03871204 0.098693774  0.3922440 3106.994 6.949049e-01  -0.154799587   0.2322237
8                       grad   0.20517383 0.061614908  3.3299380 3106.258 8.787955e-04   0.084363752   0.3259839
9                segregation  -0.01393278 0.019572302 -0.7118623  203.518 4.773653e-01  -0.052523270   0.0246577
10                povertyYes   1.64974499 0.704564210  2.3415112 3097.719 1.926891e-02   0.268284747   3.0312052
11 injury.denominator.scaled   0.02075777 0.014938499  1.3895485 3107.688 1.647656e-01  -0.008532558   0.0500481

$firearms.hi
                        term     estimate   std.error   statistic        df      p.value         2.5 %       97.5 %
1                (Intercept) -30.41802009 11.88666036 -2.55900473 2984.5090 1.054614e-02 -53.724898309 -7.111141876
2               gunOwnership  30.80748602 10.13578608  3.03947674 3106.6928 2.389642e-03  10.933967696 50.681004342
3                     MHProv   0.09260498  0.24799550  0.37341396 3105.2380 7.088659e-01  -0.393646794  0.578856753
4                      rural   0.25153894  0.01606656 15.65605319 3067.7795 3.282535e-53   0.220036629  0.283041250
5                        PCP  -0.84006068  1.28778368 -0.65233058 3088.6948 5.142365e-01  -3.365059779  1.684938416
6                 unemployed   0.01895274  0.32261111  0.05874794 3096.3096 9.531567e-01  -0.613600693  0.651506171
7                  uninsured   0.06421747  0.17586482  0.36515247 3102.5502 7.150225e-01  -0.280605756  0.409040699
8                       grad   0.29356702  0.10820051  2.71317577 3099.1917 6.701025e-03   0.081415049  0.505718981
9                segregation  -0.06685034  0.03619200 -1.84710267  149.3888 6.671047e-02  -0.138364680  0.004664005
10                povertyYes   2.09423172  1.23018778  1.70236753 3086.2823 8.878720e-02  -0.317837963  4.506301413
11 injury.denominator.scaled   0.05547839  0.02603801  2.13066881 3107.3790 3.319475e-02   0.004424929  0.106531843

$firearms.pop
                        term      estimate   std.error   statistic       df      p.value         2.5 %       97.5 %
1                (Intercept) -17.559592264 3.908298939 -4.49289897 3061.053 7.286195e-06 -25.222747478 -9.896437050
2               gunOwnership  33.784101104 4.045490037  8.35105285 3106.244 1.006012e-16  25.851995565 41.716206643
3                     MHProv   0.267071271 0.077840451  3.43100880 3102.145 6.092013e-04   0.114447242  0.419695300
4                      rural   0.005470325 0.005000879  1.09387284 3085.989 2.740961e-01  -0.004335062  0.015275713
5                        PCP  -0.027291518 0.400125617 -0.06820738 3073.310 9.456250e-01  -0.811832291  0.757249254
6                 unemployed   1.203576646 0.101759976 11.82760350 3090.883 1.335774e-31   1.004052627  1.403100665
7                  uninsured  -0.063409174 0.057485243 -1.10305133 3094.579 2.700906e-01  -0.176122265  0.049303917
8                       grad   0.093009647 0.034144715  2.72398366 3087.636 6.486284e-03   0.026060990  0.159958303
9                segregation   0.034954342 0.009508055  3.67628731  539.159 2.603413e-04   0.016276969  0.053631714
10                povertyYes   1.034618191 0.382004582  2.70839210 3088.632 6.798285e-03   0.285609451  1.783626931
11 injury.denominator.scaled  -0.015324281 0.008073812 -1.89802310 3106.984 5.778564e-02  -0.031154828  0.000506266

$firearms.proportional
                        term     estimate  std.error  statistic        df      p.value         2.5 %       97.5 %
1                (Intercept) -27.03397770 8.47164943 -3.1911115 2994.4309 1.431925e-03 -43.644819605 -10.42313579
2               gunOwnership  42.18280348 7.21531918  5.8462838 3107.0883 5.548306e-09  28.035526713  56.33008025
3                     MHProv   0.07997249 0.17687056  0.4521526 3105.8182 6.511906e-01  -0.266822583   0.42676756
4                      rural   0.15797276 0.01145400 13.7919262 3075.7691 4.952368e-42   0.135514487   0.18043103
5                        PCP  -0.81547328 0.91837787 -0.8879496 3091.6803 3.746369e-01  -2.616165786   0.98521923
6                 unemployed   0.45204413 0.23002874  1.9651637 3098.8872 4.948449e-02   0.001019923   0.90306834
7                  uninsured  -0.02219256 0.12534092 -0.1770576 3105.1079 8.594747e-01  -0.267952045   0.22356692
8                       grad   0.19618460 0.07713119  2.5435186 3103.5075 1.102234e-02   0.044951276   0.34741793
9                segregation  -0.03127254 0.02589522 -1.2076568  147.2274 2.291158e-01  -0.082446887   0.01990181
10                povertyYes   1.59038399 0.87714534  1.8131362 3091.2771 6.990776e-02  -0.129462668   3.31023065
11 injury.denominator.scaled   0.04117844 0.01857344  2.2170607 3107.6028 2.669106e-02   0.004760986   0.07759589

$firearms.invProportional
                        term      estimate   std.error   statistic        df      p.value        2.5 %       97.5 %
1                (Intercept) -2.262654e+01 5.875566732 -3.85095452 3055.1256 1.200721e-04 -34.14700355 -11.10607701
2               gunOwnership  2.226632e+01 5.247610073  4.24313565 3107.0904 2.268618e-05  11.97718651  32.55545620
3                     MHProv  2.969356e-01 0.121752349  2.43884892 3107.2232 1.478975e-02   0.05821238   0.53565879
4                      rural  8.269311e-02 0.007861267 10.51905604 3091.7404 1.889019e-25   0.06727928   0.09810695
5                        PCP -1.480363e-01 0.630002689 -0.23497725 3097.8383 8.142419e-01  -1.38330151   1.08722891
6                 unemployed  7.962929e-01 0.158513083  5.02351544 3104.2435 5.360263e-07   0.48549180   1.10709404
7                  uninsured  4.380101e-02 0.087274233  0.50187797 3107.6265 6.157889e-01  -0.12731999   0.21492202
8                       grad  2.044012e-01 0.053149868  3.84575236 3107.3857 1.225944e-04   0.10018881   0.30861365
9                segregation  5.914381e-03 0.016271562  0.36347962  247.8915 7.165564e-01  -0.02613376   0.03796252
10                povertyYes  1.639097e+00 0.601603343  2.72454816 3101.4693 6.475071e-03   0.45951606   2.81867850
11 injury.denominator.scaled -5.142573e-04 0.012745607 -0.04034781 3107.6881 9.678184e-01  -0.02550492   0.02447641

$firearms.invMHP
                        term     estimate   std.error  statistic        df      p.value         2.5 %       97.5 %
1                (Intercept) -29.96321510 11.71623936 -2.5574089 2991.9723 1.059442e-02 -52.935915532 -6.990514663
2               gunOwnership  30.49218471  9.90435237  3.0786652 3106.7535 2.097462e-03  11.072445054 49.911924362
3                     MHProv  -0.16054423  0.24500683 -0.6552643 3105.4500 5.123461e-01  -0.640936020  0.319847570
4                      rural   0.24201516  0.01587637 15.2437304 3070.9346 1.235725e-50   0.210885774  0.273144554
5                        PCP  -0.61597092  1.27294745 -0.4838934 3090.3484 6.284958e-01  -3.111879626  1.879937781
6                 unemployed   0.03227719  0.31859503  0.1013110 3097.2033 9.193101e-01  -0.592401718  0.656956100
7                  uninsured   0.05475258  0.17330023  0.3159406 3103.0008 7.520688e-01  -0.285042161  0.394547321
8                       grad   0.29541594  0.10685864  2.7645489 3099.9119 5.733870e-03   0.085895044  0.504936829
9                segregation  -0.06326100  0.03547186 -1.7834135  155.5985 7.646835e-02  -0.133329541  0.006807542
10                povertyYes   2.28390387  1.21592455  1.8783270 3088.1923 6.043059e-02  -0.100198849  4.668006592
11 injury.denominator.scaled   0.05656660  0.02574289  2.1973679 3107.4343 2.806774e-02   0.006091802  0.107041394

$firearms.MHP
                        term      estimate   std.error  statistic        df      p.value        2.5 %        97.5 %
1                (Intercept) -2.047505e+01 4.262987682 -4.8029810 3062.1518 1.638304e-06 -28.83365500 -1.211644e+01
2               gunOwnership  3.450766e+01 4.515403803  7.6422088 3106.2973 2.826274e-14  25.65418030  4.336114e+01
3                     MHProv  5.503536e-01 0.084284949  6.5296782 3101.0448 7.672995e-11   0.38509363  7.156136e-01
4                      rural  5.909415e-04 0.005412087  0.1091892 3083.4508 9.130595e-01  -0.01002072  1.120260e-02
5                        PCP -3.167574e-01 0.432849969 -0.7317950 3070.3099 4.643495e-01  -1.16546237  5.319475e-01
6                 unemployed  1.215116e+00 0.110238001 11.0226561 3088.0661 9.708001e-28   0.99896834  1.431263e+00
7                  uninsured -5.649769e-02 0.062465223 -0.9044663 3092.5636 3.658187e-01  -0.17897521  6.597984e-02
8                       grad  1.106382e-01 0.036994681  2.9906503 3083.2277 2.805867e-03   0.03810144  1.831749e-01
9                segregation  4.076533e-02 0.010192312  3.9996158  603.7913 7.131470e-05   0.02074864  6.078202e-02
10                povertyYes  8.509370e-01 0.413226706  2.0592497 3087.4769 3.955401e-02   0.04070987  1.661164e+00
11 injury.denominator.scaled -1.624385e-02 0.008731666 -1.8603383 3106.8828 6.293209e-02  -0.03336427  8.765675e-04

