$firearms
                        term     estimate   std.error  statistic       df      p.value        2.5 %       97.5 %
1                (Intercept) -3.545376450 4.042132366 -0.8771055 2283.240 3.805216e-01 -11.47201225  4.381259345
2                  qrtSecond  5.984462108 1.536791381  3.8941278 2297.771 1.013641e-04   2.97081891  8.998105308
3                   qrtThird 11.054573007 1.530701149  7.2219016 2297.771 6.938761e-13   8.05287273 14.056273280
4                 qrtHighest 12.167985085 1.562974956  7.7851440 2297.337 1.044830e-14   9.10299567 15.232974498
5                     MHProv  0.234241914 0.080867614  2.8966097 2297.467 3.807857e-03   0.07566076  0.392823068
6                      rural  0.046233358 0.005396038  8.5680188 2296.158 1.899597e-17   0.03565174  0.056814976
7                        PCP  0.514356727 0.451470721  1.1392914 2294.693 2.547005e-01  -0.37097660  1.399690056
8                 unemployed  1.820252052 0.105778096 17.2082134 2297.156 1.615930e-62   1.61282150  2.027682605
9                  uninsured -0.139819396 0.062711067 -2.2295809 2295.630 2.587167e-02  -0.26279567 -0.016843124
10                      grad  0.005702961 0.037235926  0.1531575 2297.026 8.782875e-01  -0.06731659  0.078722511
11               segregation  0.009883357 0.010154178  0.9733291  448.816 3.309140e-01  -0.01007228  0.029838994
12                povertyYes  0.797450460 0.372234774  2.1423320 2296.585 3.227164e-02   0.06749901  1.527401913
13 injury.denominator.scaled -0.018124851 0.007108140 -2.5498727 2297.771 1.084063e-02  -0.03206389 -0.004185811

$firearms.lo
                        term      estimate   std.error  statistic        df      p.value        2.5 %       97.5 %
1                (Intercept) -11.583632298 4.093205277 -2.8299661 3041.5509 4.685832e-03 -19.60936099 -3.557903610
2                  qrtSecond   4.709594729 1.649543631  2.8550895 3105.1933 4.331015e-03   1.47528794  7.943901521
3                   qrtThird   9.723771996 1.645225150  5.9102987 3105.3932 3.785482e-09   6.49793265 12.949611339
4                 qrtHighest  10.053076062 1.670218384  6.0190189 3104.1102 1.960046e-09   6.77823125 13.327920871
5                     MHProv   0.291995146 0.085881672  3.3999704 3098.0944 6.824575e-04   0.12360438  0.460385916
6                      rural  -0.008489332 0.005511237 -1.5403679 3074.4489 1.235736e-01  -0.01929541  0.002316747
7                        PCP  -0.100082019 0.440667968 -0.2271144 3058.3192 8.203500e-01  -0.96411732  0.763953277
8                 unemployed   1.231531555 0.112459971 10.9508436 3082.0152 2.091885e-27   1.01102747  1.452035643
9                  uninsured  -0.057442975 0.063540783 -0.9040332 3086.1072 3.660484e-01  -0.18202948  0.067143533
10                      grad   0.118714402 0.037639202  3.1540096 3076.2227 1.625966e-03   0.04491389  0.192514919
11               segregation   0.044458358 0.010592677  4.1970842  471.9667 3.231624e-05   0.02364372  0.065273001
12                povertyYes   1.031985712 0.420751471  2.4527204 3078.6274 1.423316e-02   0.20700364  1.856967783
13 injury.denominator.scaled  -0.015836023 0.008883017 -1.7827304 3104.6780 7.472789e-02  -0.03325321  0.001581159

$firearms.mid
                        term     estimate   std.error  statistic        df      p.value         2.5 %      97.5 %
1                (Intercept) -17.84514711 6.540401775 -2.7284481 3040.5991 6.399906e-03 -30.669203838 -5.02109037
2                  qrtSecond   4.53359556 1.828766657  2.4790454 3105.6883 1.322616e-02   0.947881339  8.11930977
3                   qrtThird   8.69272554 1.859398506  4.6750202 3105.6883 3.064467e-06   5.046950594 12.33850048
4                 qrtHighest   9.63705469 1.875280106  5.1389948 3104.9441 2.932959e-07   5.960139897 13.31396948
5                     MHProv   0.17561903 0.142033904  1.2364585 3104.7569 2.163817e-01  -0.102870871  0.45410894
6                      rural   0.12002362 0.009195711 13.0521303 3085.4252 6.134026e-38   0.101993286  0.13805396
7                        PCP  -0.53003001 0.738425530 -0.7177840 3095.5004 4.729447e-01  -1.977883569  0.91782356
8                 unemployed   0.61943528 0.184633742  3.3549408 3100.8572 8.033668e-04   0.257418486  0.98145207
9                  uninsured   0.05447968 0.098585726  0.5526122 3104.9569 5.805687e-01  -0.138820144  0.24777950
10                      grad   0.21614473 0.061591605  3.5093213 3104.2712 4.556376e-04   0.095380317  0.33690915
11               segregation  -0.01371783 0.019637387 -0.6985567  200.6268 4.856381e-01  -0.052439981  0.02500433
12                povertyYes   1.62004429 0.705339375  2.2968295 3095.4890 2.169496e-02   0.237063766  3.00302482
13 injury.denominator.scaled   0.01971471 0.014942810  1.3193445 3105.6883 1.871512e-01  -0.009584073  0.04901350

$firearms.hi
                        term     estimate   std.error   statistic        df      p.value         2.5 %       97.5 %
1                (Intercept) -23.23693959 11.55000324 -2.01185568 2981.0391 4.432497e-02 -45.883724977 -0.590154209
2                  qrtSecond   4.97466128  3.45240750  1.44092529 3105.6146 1.497066e-01  -1.794571261 11.743893828
3                   qrtThird   8.40295963  3.49380373  2.40510351 3105.6883 1.622604e-02   1.552560386 15.253358874
4                 qrtHighest  10.06746565  3.52948116  2.85239252 3104.7227 4.367843e-03   3.147111839 16.987819466
5                     MHProv   0.08618302  0.24855653  0.34673409 3103.2240 7.288146e-01  -0.401168903  0.573534944
6                      rural   0.25185297  0.01607742 15.66501196 3065.4463 2.890921e-53   0.220329358  0.283376578
7                        PCP  -0.84800216  1.28823280 -0.65826780 3086.6285 5.104152e-01  -3.373882517  1.677878190
8                 unemployed   0.03060119  0.32388592  0.09448139 3094.0104 9.247329e-01  -0.604451974  0.665654357
9                  uninsured   0.07339014  0.17539450  0.41842898 3100.4566 6.756625e-01  -0.270511009  0.417291290
10                      grad   0.30007304  0.10809969  2.77589184 3097.0693 5.538127e-03   0.088118713  0.512027369
11               segregation  -0.06681675  0.03625979 -1.84272320  148.4948 6.736352e-02  -0.138468565  0.004835062
12                povertyYes   2.06703081  1.23112295  1.67898000 3084.3047 9.325723e-02  -0.346873114  4.480934738
13 injury.denominator.scaled   0.05486166  0.02604182  2.10667531 3105.3912 3.522575e-02   0.003800729  0.105922600

$firearms.pop
                        term     estimate   std.error  statistic        df      p.value         2.5 %        97.5 %
1                (Intercept) -9.427757501 3.715172117 -2.5376368 3056.8181 1.120965e-02 -16.712245362 -2.143270e+00
2                  qrtSecond  4.861910516 1.487274828  3.2690061 3105.3466 1.091029e-03   1.945768807  7.778052e+00
3                   qrtThird  9.563414670 1.483809914  6.4451751 3105.4964 1.333863e-10   6.654066771  1.247276e+01
4                 qrtHighest 10.047552781 1.506167675  6.6709391 3104.4268 2.997746e-11   7.094366992  1.300074e+01
5                     MHProv  0.264634738 0.078066151  3.3898781 3100.0231 7.079803e-04   0.111568130  4.177013e-01
6                      rural  0.006058699 0.005007626  1.2098945 3084.1742 2.264121e-01  -0.003759921  1.587732e-02
7                        PCP -0.032208987 0.400401120 -0.0804418 3071.1734 9.358911e-01  -0.817290164  7.528722e-01
8                 unemployed  1.206082581 0.102185857 11.8028327 3088.4133 1.773071e-31   1.005723460  1.406442e+00
9                  uninsured -0.053758812 0.057694509 -0.9317839 3091.4435 3.515210e-01  -0.166882261  5.936464e-02
10                      grad  0.100241793 0.034192451  2.9316937 3085.4047 3.395977e-03   0.033199520  1.672841e-01
11               segregation  0.035168958 0.009499236  3.7022935  553.4267 2.350576e-04   0.016509992  5.382792e-02
12                povertyYes  1.017439919 0.382371507  2.6608675 3086.7492 7.834314e-03   0.267711557  1.767168e+00
13 injury.denominator.scaled -0.015890397 0.008078019 -1.9671157 3104.9745 4.925879e-02  -0.031729197 -5.159714e-05

$firearms.proportional
                        term      estimate  std.error   statistic        df      p.value         2.5 %      97.5 %
1                (Intercept) -1.628924e+01 8.25027435 -1.97438823 2991.3649 4.842946e-02 -32.466030593 -0.11245860
2                  qrtSecond  4.850878e+00 2.49555782  1.94380527 3105.6883 5.200914e-02  -0.042231962  9.74398883
3                   qrtThird  9.575061e+00 2.52370657  3.79404703 3105.6883 1.510379e-04   4.626758952 14.52336383
4                 qrtHighest  1.335571e+01 2.55004411  5.23744150 3104.9897 1.736770e-07   8.355763190 18.35565046
5                     MHProv  6.573500e-02 0.17742223  0.37050034 3103.8536 7.110350e-01  -0.282141834  0.41361182
6                      rural  1.584298e-01 0.01146702 13.81611794 3073.3960 3.617939e-42   0.135945954  0.18091357
7                        PCP -8.155681e-01 0.91886738 -0.88757975 3089.5444 3.748359e-01  -2.617220854  0.98608470
8                 unemployed  4.466552e-01 0.23121065  1.93181083 3096.6473 5.347399e-02  -0.006686502  0.89999698
9                  uninsured  8.033405e-04 0.12547176  0.00640256 3103.0060 9.948919e-01  -0.245212744  0.24681943
10                      grad  2.072807e-01 0.07715571  2.68652442 3101.3985 7.258472e-03   0.055999245  0.35856214
11               segregation -3.099420e-02 0.02597159 -1.19338857  145.9557 2.346534e-01  -0.082323183  0.02033477
12                povertyYes  1.577649e+00 0.87800454  1.79685735 3089.4150 7.245591e-02  -0.143882816  3.29918065
13 injury.denominator.scaled  3.973354e-02 0.01857865  2.13866658 3105.5896 3.254048e-02   0.003305856  0.07616123

$firearms.invProportional
                        term      estimate  std.error   statistic        df      p.value        2.5 %      97.5 %
1                (Intercept) -1.816482e+01 5.64258961 -3.21923501 3054.6807 1.298793e-03 -29.22847822 -7.10116587
2                  qrtSecond  4.430569e+00 1.71496939  2.58346835 3105.6883 9.826541e-03   1.06798043  7.79315784
3                   qrtThird  8.130728e+00 1.73421286  4.68842570 3105.6450 2.871761e-06   4.73040821 11.53104810
4                 qrtHighest  6.282921e+00 1.75230268  3.58552244 3105.0302 3.415864e-04   2.84713116  9.71871004
5                     MHProv  2.921450e-01 0.12169318  2.40066842 3105.2590 1.642365e-02   0.05353772  0.53075222
6                      rural  8.290906e-02 0.00785582 10.55383885 3089.9580 1.322741e-25   0.06750590  0.09831222
7                        PCP -1.730318e-01 0.62991376 -0.27469129 3096.1795 7.835718e-01  -1.40812293  1.06205928
8                 unemployed  8.103544e-01 0.15852444  5.11185804 3101.9382 3.383453e-07   0.49953095  1.12117790
9                  uninsured  5.635239e-02 0.08607212  0.65471128 3105.6345 5.127021e-01  -0.11241164  0.22511642
10                      grad  2.111848e-01 0.05290377  3.99186720 3105.4662 6.707215e-05   0.10745492  0.31491477
11               segregation  5.242089e-03 0.01627054  0.32218287  246.6019 7.475871e-01  -0.02680486  0.03728904
12                povertyYes  1.624521e+00 0.60168421  2.69995659 3099.2957 6.972531e-03   0.44478115  2.80426135
13 injury.denominator.scaled -7.328416e-04 0.01274412 -0.05750431 3105.6883 9.541472e-01  -0.02572059  0.02425491

$firearms.invMHP
                        term     estimate   std.error  statistic        df      p.value        2.5 %       97.5 %
1                (Intercept) -22.83275787 11.39578851 -2.0036137 2988.8275 4.520157e-02 -45.17714151 -0.488374227
2                  qrtSecond   4.86697155  3.36764534  1.4452150 3105.6350 1.484984e-01  -1.73606543 11.470008524
3                   qrtThird   8.21690342  3.41058143  2.4092383 3105.6883 1.604370e-02   1.52968048 14.904126358
4                 qrtHighest   9.96061875  3.44449389  2.8917510 3104.7789 3.857641e-03   3.20690193 16.714335571
5                     MHProv  -0.16725390  0.24557869 -0.6810603 3103.4394 4.958841e-01  -0.64876708  0.314259281
6                      rural   0.24232257  0.01588746 15.2524396 3068.6179 1.094966e-50   0.21117142  0.273473707
7                        PCP  -0.62390852  1.27341041 -0.4899509 3088.2906 6.242035e-01  -3.12072561  1.872908574
8                 unemployed   0.04355374  0.31989354  0.1361507 3094.9366 8.917110e-01  -0.58367138  0.670778855
9                  uninsured   0.06431454  0.17284724  0.3720889 3100.9098 7.098521e-01  -0.27459212  0.403221193
10                      grad   0.30205559  0.10676124  2.8292626 3097.7981 4.695562e-03   0.09272561  0.511385565
11               segregation  -0.06320652  0.03553746 -1.7785885  154.6722 7.727164e-02  -0.13340793  0.006994893
12                povertyYes   2.25732405  1.21688089  1.8550082 3086.2352 6.369035e-02  -0.12865440  4.643302492
13 injury.denominator.scaled   0.05591860  0.02574682  2.1718646 3105.4454 2.994132e-02   0.00543609  0.106401102

$firearms.MHP
                        term      estimate   std.error  statistic        df      p.value         2.5 %        97.5 %
1                (Intercept) -12.126198949 4.029327460 -3.0094846 3055.4080 2.638294e-03 -20.026665310 -4.2257325890
2                  qrtSecond   4.821501840 1.645789295  2.9295985 3105.3236 3.418731e-03   1.594556336  8.0484473450
3                   qrtThird   9.905585821 1.640725669  6.0373200 3105.4895 1.752460e-09   6.688568776 13.1226028654
4                 qrtHighest  10.164170423 1.665827839  6.1015732 3104.5171 1.180212e-09   6.897934448 13.4304063985
5                     MHProv   0.547224430 0.084482752  6.4773509 3098.9449 1.081717e-10   0.381576582  0.7128722784
6                      rural   0.001126003 0.005417908  0.2078298 3081.5712 8.353756e-01  -0.009497074  0.0117490787
7                        PCP  -0.322594972 0.433093495 -0.7448622 3068.2944 4.564121e-01  -1.171777604  0.5265876593
8                 unemployed   1.216441509 0.110616975 10.9968792 3085.7105 1.279581e-27   0.999551148  1.4333318692
9                  uninsured  -0.045907243 0.062579444 -0.7335834 3089.5957 4.632583e-01  -0.168608768  0.0767942830
10                      grad   0.117883063 0.037022936  3.1840549 3081.0740 1.466753e-03   0.045290924  0.1904752020
11               segregation   0.040890933 0.010188066  4.0136110  614.6585 6.717883e-05   0.020883294  0.0608985717
12                povertyYes   0.836253861 0.413556998  2.0221006 3085.7107 4.325208e-02   0.025378977  1.6471287455
13 injury.denominator.scaled  -0.016805309 0.008735513 -1.9237918 3104.8820 5.447200e-02  -0.033933276  0.0003226591

